# Created by Octave 6.3.0, Sat Oct 16 13:57:42 2021 GMT <unknown@DESKTOP-MSSSF6U>
# name: RAW
# type: global matrix
# rows: 49
# columns: 10
 0 1 1 1 1 1 1 1 1 1
 0 1 1 1 1 1 1 1 1 1
 0 1 1 1 1 1 1 1 1 1
 0 1 1 1 1 1 1 1 1 1
 1 1 1 1 1 1 1 1 1 1
 0 1 1 1 1 1 1 1 1 1
 1 1 1 1 1 1 1 1 1 1
 0 1 1 1 1 1 1 1 1 1
 0 1 1 1 1 1 1 1 1 1
 0 1 1 1 1 1 1 1 1 1
 1 1 1 1 1 1 1 1 1 1
 0 1 1 1 1 1 1 1 1 1
 0 1 1 1 1 1 1 1 1 1
 1 1 1 1 1 1 1 1 1 1
 0 1 1 1 1 1 1 1 1 1
 1 1 1 1 1 1 1 1 1 1
 1 1 1 1 1 1 1 1 1 1
 1 1 1 1 1 1 1 1 1 1
 1 1 1 1 1 1 1 1 1 1
 1 1 1 1 1 1 1 1 1 1
 0 1 1 1 1 1 1 1 1 1
 0 1 1 1 1 1 1 1 1 1
 1 1 1 1 1 1 1 1 1 1
 0 1 1 1 1 1 1 1 1 1
 1 1 1 1 1 1 1 1 1 1
 1 1 1 1 1 1 1 1 1 1
 1 1 1 1 1 1 1 1 1 1
 1 1 1 1 1 1 1 1 1 1
 1 1 1 1 1 1 1 1 1 1
 1 1 1 1 1 1 1 1 1 1
 1 1 1 1 1 1 1 1 1 1
 1 1 1 1 1 1 1 1 1 1
 0 1 1 1 1 1 1 1 1 1
 1 1 1 1 1 1 1 1 1 1
 1 1 1 1 1 1 1 1 1 1
 1 1 1 1 1 1 1 1 1 1
 1 0 0 0 0 0 0 0 0 0
 1 0 0 0 0 0 0 0 0 0
 1 0 0 0 0 0 0 0 0 0
 1 0 0 0 0 0 0 0 0 0
 1 0 0 0 0 0 0 0 0 0
 1 0 0 0 0 0 0 0 0 0
 1 0 0 0 0 0 0 0 0 0
 1 0 0 0 0 0 0 0 0 0
 1 0 0 0 0 0 0 0 0 0
 1 0 0 0 0 0 0 0 0 0
 1 0 0 0 0 0 0 0 0 0
 1 0 0 0 0 0 0 0 0 0
 1 0 0 0 0 0 0 0 0 0


